1 19 2
1 45 1
1 50 1
1 75 1
1 85 1
1 139 1
1 200 1
1 351 1
1 352 1
1 513 1
1 564 1
1 743 1
1 777 1
1 1131 1
1 1277 1
1 1639 1
1 1764 1
1 1816 1
1 1868 1
2 35 5
2 97 1
2 103 2
2 159 1
2 294 2
2 727 1
2 977 2
2 1481 1
2 1549 1
2 1795 1
2 2290 3
3 4 1
3 10 2
3 11 1
3 13 1
3 16 1
3 19 2
3 35 15
3 50 1
3 56 1
3 68 1
3 69 1
3 76 2
3 84 1
3 96 1
3 97 1
3 118 1
3 126 2
3 127 6
3 178 1
3 206 1
3 226 1
3 242 1
3 265 1
3 268 1
3 270 2
3 274 1
3 276 1
3 293 1
3 294 4
3 297 1
3 303 1
3 366 1
3 390 1
3 393 1
3 404 3
3 438 1
3 452 3
3 496 2
3 516 3
3 559 1
3 564 2
3 565 1
3 574 3
3 602 1
3 647 1
3 671 1
3 679 1
3 682 1
3 794 1
3 797 1
3 799 1
3 816 1
3 863 1
3 889 2
3 938 1
3 977 2
3 1081 1
3 1118 1
3 1138 1
3 1155 2
3 1187 1
3 1282 1
3 1323 1
3 1348 1
3 1374 1
3 1442 1
3 1458 1
3 1468 2
3 1469 1
3 1484 1
3 1530 1
3 1531 1
3 1533 1
3 1544 1
3 1549 4
3 1643 1
3 1778 1
3 1783 2
3 1888 1
3 2004 2
3 2007 4
3 2130 1
3 2232 1
3 2290 2
3 2437 1
4 12 1
4 31 1
4 35 6
4 54 4
4 69 4
4 70 1
4 118 1
4 147 2
4 153 1
4 160 1
4 218 1
4 228 2
4 241 1
4 347 1
4 360 3
4 392 1
4 410 1
4 422 1
4 458 1
4 461 1
4 487 4
4 490 2
4 524 1
4 636 1
4 641 1
4 644 2
4 721 1
4 816 1
4 823 1
4 833 1
4 1124 1
4 1241 1
4 1465 1
4 1818 1
4 1958 2
4 2030 1
4 2204 1
4 2443 3
5 8 1
5 10 1
5 48 1
5 103 1
5 131 3
5 153 1
5 193 1
5 277 2
5 278 1
5 301 1
5 342 1
5 562 1
5 581 1
5 610 2
5 649 3
5 810 1
5 924 1
5 952 1
5 1009 1
5 1056 1
5 1119 1
5 1193 1
5 1285 1
5 1344 1
5 1815 1
5 1862 1
5 1925 1
5 2424 1
5 2429 1
5 2460 1
6 4 1
6 16 1
6 81 1
6 174 1
6 314 1
6 345 1
6 663 1
6 895 1
6 1340 1
7 11 2
7 27 1
7 32 2
7 38 1
7 52 4
7 81 2
7 101 1
7 106 1
7 109 1
7 121 3
7 128 1
7 133 1
7 147 1
7 169 1
7 171 1
7 174 2
7 201 1
7 231 1
7 240 2
7 284 2
7 296 2
7 310 1
7 329 2
7 333 1
7 341 1
7 367 1
7 371 3
7 372 1
7 379 1
7 388 2
7 455 6
7 481 3
7 492 2
7 494 5
7 513 1
7 538 1
7 558 3
7 570 1
7 594 1
7 609 1
7 652 1
7 657 1
7 659 3
7 684 1
7 725 1
7 733 1
7 749 1
7 770 2
7 785 1
7 801 1
7 806 1
7 835 1
7 908 1
7 963 2
7 980 1
7 1026 1
7 1035 1
7 1110 1
7 1141 1
7 1148 1
7 1190 1
7 1342 1
7 1419 1
7 1464 1
7 1485 1
7 1513 1
7 1752 1
7 1851 1
7 1901 1
7 1983 1
7 2059 2
7 2098 1
7 2143 2
7 2416 1
7 2453 3
8 4 1
8 8 1
8 11 1
8 12 1
8 22 1
8 31 1
8 45 1
8 47 2
8 66 1
8 88 1
8 100 1
8 109 1
8 118 1
8 123 1
8 127 1
8 135 1
8 149 2
8 164 1
8 169 1
8 174 1
8 178 1
8 203 1
8 221 1
8 222 1
8 223 1
8 230 1
8 241 1
8 247 1
8 254 1
8 291 1
8 324 3
8 326 1
8 347 1
8 381 1
8 384 1
8 393 3
8 397 2
8 432 1
8 464 1
8 505 1
8 519 1
8 568 1
8 653 1
8 698 2
8 710 1
8 723 1
8 743 1
8 782 1
8 793 4
8 826 1
8 830 1
8 917 1
8 918 1
8 972 1
8 1078 1
8 1213 1
8 1272 1
8 1346 1
8 1453 1
8 1457 1
8 1479 1
8 1488 1
8 1515 1
8 1555 8
8 1593 1
8 1669 1
8 1673 1
8 1865 1
8 1949 1
8 2061 1
8 2149 1
8 2248 1
8 2258 1
9 7 1
9 11 2
9 19 1
9 23 1
9 25 1
9 29 1
9 32 1
9 40 2
9 44 1
9 74 1
9 79 1
9 83 1
9 90 1
9 103 2
9 124 1
9 128 1
9 131 1
9 142 1
9 194 1
9 202 1
9 250 1
9 288 1
9 295 1
9 304 1
9 312 1
9 338 1
9 347 1
9 371 1
9 418 1
9 466 1
9 469 1
9 541 1
9 603 1
9 620 1
9 749 1
9 854 1
9 864 2
9 915 1
9 971 1
9 1035 1
9 1058 1
9 1060 4
9 1077 1
9 1159 1
9 1182 1
9 1190 1
9 1300 1
9 1303 1
9 1320 1
9 1325 1
9 1332 1
9 1346 1
9 1787 1
9 1874 1
9 2199 1
9 2214 5
10 2 1
10 4 9
10 46 2
10 56 1
10 60 1
10 66 1
10 72 1
10 103 2
10 106 1
10 122 1
10 127 1
10 131 1
10 135 2
10 147 3
10 159 1
10 174 1
10 182 1
10 190 1
10 192 1
10 203 1
10 204 1
10 210 1
10 222 1
10 224 1
10 233 4
10 236 3
10 266 2
10 275 1
10 288 2
10 303 1
10 341 3
10 347 4
10 386 1
10 407 1
10 429 1
10 486 1
10 548 2
10 590 1
10 601 1
10 617 1
10 619 4
10 679 3
10 694 1
10 832 2
10 895 1
10 929 1
10 952 1
10 1077 1
10 1174 1
10 1224 1
10 1266 1
10 1677 1
10 1874 1
10 1891 1
691 15 1
691 18 1
691 21 1
691 33 1
691 34 1
691 49 2
691 299 2
691 755 1
691 1418 1
691 2391 1
692 1 3
692 2 2
692 3 1
692 9 1
692 14 1
692 16 1
692 17 1
692 19 5
692 20 2
692 24 2
692 37 1
692 49 1
692 72 1
692 120 1
692 147 2
692 150 1
692 157 1
692 162 1
692 176 1
692 184 1
692 192 1
692 198 4
692 234 4
692 244 1
692 245 1
692 252 1
692 260 1
692 300 1
692 311 1
692 323 1
692 326 1
692 351 1
692 400 1
692 435 1
692 451 1
692 494 1
692 495 1
692 567 1
692 583 1
692 611 1
692 626 1
692 671 1
692 717 1
692 730 1
692 874 1
692 885 1
692 1015 1
692 1121 1
692 1172 2
692 1174 1
692 1273 1
692 1275 3
692 1325 1
692 1344 1
692 1440 2
692 1751 1
692 2006 1
692 2021 1
692 2040 3
692 2161 1
692 2220 1
692 2394 1
693 11 1
693 13 2
693 14 2
693 18 1
693 23 1
693 30 1
693 55 1
693 78 1
693 83 1
693 100 1
693 103 1
693 116 1
693 119 1
693 132 1
693 156 1
693 186 1
693 224 1
693 243 1
693 245 1
693 311 1
693 316 1
693 390 1
693 405 1
693 493 1
693 502 1
693 505 1
693 695 1
693 861 1
693 950 1
693 991 2
693 1056 1
693 1219 2
693 1266 2
693 1269 1
693 1359 1
693 1722 1
693 2128 1
693 2242 1
694 1 10
694 2 3
694 6 1
694 7 12
694 9 3
694 10 1
694 11 2
694 12 3
694 13 2
694 14 1
694 15 7
694 16 2
694 17 4
694 18 1
694 20 1
694 21 17
694 22 1
694 23 1
694 28 4
694 30 2
694 33 17
694 34 14
694 36 1
694 37 1
694 39 15
694 41 5
694 43 1
694 50 4
694 51 1
694 54 1
694 55 5
694 57 4
694 60 1
694 61 4
694 62 1
694 64 6
694 67 1
694 71 3
694 72 2
694 76 1
694 77 3
694 80 1
694 82 2
694 85 5
694 90 2
694 91 4
694 92 11
694 102 2
694 104 2
694 106 1
694 108 1
694 109 1
694 112 1
694 113 1
694 118 1
694 119 1
694 128 6
694 130 4
694 133 1
694 136 4
694 140 1
694 156 1
694 158 3
694 159 1
694 161 6
694 165 1
694 166 2
694 168 1
694 171 1
694 179 1
694 180 1
694 181 1
694 184 3
694 190 1
694 192 1
694 199 1
694 204 5
694 207 1
694 225 1
694 234 1
694 235 2
694 237 1
694 239 1
694 243 5
694 245 3
694 247 2
694 254 1
694 257 16
694 261 1
694 263 4
694 273 1
694 275 1
694 279 1
694 302 2
694 310 2
694 317 3
694 337 2
694 349 3
694 383 1
694 391 1
694 394 1
694 396 4
694 397 1
694 402 1
694 403 2
694 416 1
694 424 1
694 427 1
694 435 1
694 446 2
694 448 1
694 454 1
694 456 1
694 461 1
694 462 1
694 463 1
694 469 2
694 470 1
694 475 1
694 480 1
694 481 1
694 484 1
694 495 1
694 497 1
694 535 1
694 552 3
694 553 2
694 556 3
694 578 1
694 582 1
694 590 1
694 591 1
694 592 2
694 603 1
694 668 2
694 688 1
694 689 1
694 691 3
694 705 2
694 722 1
694 724 5
694 725 1
694 743 3
694 765 1
694 771 1
694 773 1
694 792 6
694 806 1
694 855 1
694 864 1
694 873 1
694 877 1
694 909 1
694 918 1
694 931 2
694 932 3
694 936 1
694 941 2
694 954 1
694 957 1
694 960 3
694 968 1
694 974 1
694 998 7
694 1007 1
694 1012 1
694 1015 1
694 1036 2
694 1037 1
694 1042 2
694 1049 1
694 1087 1
694 1123 4
694 1157 1
694 1158 1
694 1182 1
694 1183 2
694 1208 1
694 1227 1
694 1242 3
694 1282 1
694 1294 1
694 1357 3
694 1374 2
694 1377 1
694 1389 2
694 1401 1
694 1420 1
694 1429 1
694 1500 1
694 1530 1
694 1533 1
694 1566 4
694 1587 1
694 1596 1
694 1598 2
694 1599 1
694 1614 1
694 1640 1
694 1661 1
694 1680 1
694 1731 1
694 1741 2
694 1750 1
694 1769 2
694 1817 2
694 1941 1
694 1982 3
694 2016 1
694 2035 1
694 2058 1
694 2062 1
694 2070 1
694 2108 1
694 2111 1
694 2132 1
694 2164 1
694 2195 3
694 2199 2
694 2269 1
694 2370 1
694 2387 1
694 2420 1
694 2458 5
694 2470 1
695 1 3
695 2 4
695 7 2
695 11 1
695 12 4
695 15 2
695 16 3
695 17 1
695 18 1
695 19 1
695 21 2
695 22 1
695 24 2
695 25 1
695 26 2
695 31 2
695 33 1
695 34 2
695 39 1
695 43 2
695 50 4
695 55 4
695 57 3
695 59 2
695 60 2
695 73 1
695 89 1
695 93 1
695 96 1
695 97 1
695 99 1
695 113 1
695 114 1
695 115 1
695 116 2
695 128 2
695 132 4
695 138 1
695 152 1
695 153 1
695 159 1
695 163 1
695 167 3
695 168 1
695 184 1
695 201 1
695 221 1
695 234 3
695 243 2
695 247 1
695 261 1
695 269 1
695 275 1
695 279 1
695 280 1
695 281 1
695 288 1
695 303 7
695 305 1
695 319 1
695 320 1
695 361 6
695 372 1
695 388 4
695 390 1
695 391 1
695 406 1
695 422 1
695 426 3
695 428 15
695 433 1
695 465 1
695 466 1
695 470 1
695 471 1
695 479 1
695 486 2
695 503 1
695 530 1
695 556 1
695 564 5
695 576 3
695 581 1
695 601 1
695 606 3
695 614 1
695 626 1
695 659 1
695 668 2
695 684 1
695 727 1
695 730 5
695 737 1
695 750 5
695 752 1
695 756 1
695 767 1
695 774 1
695 805 1
695 838 1
695 877 2
695 878 1
695 909 1
695 945 1
695 951 1
695 983 1
695 1007 3
695 1020 3
695 1045 1
695 1064 1
695 1099 3
695 1148 2
695 1167 2
695 1185 1
695 1273 1
695 1276 1
695 1277 1
695 1284 1
695 1305 1
695 1354 1
695 1358 1
695 1372 1
695 1433 1
695 1475 1
695 1502 1
695 1526 1
695 1655 2
695 1715 1
695 1743 2
695 1744 13
695 1834 2
695 1864 1
695 2033 1
695 2037 1
695 2043 1
695 2074 1
695 2158 1
695 2161 1
695 2230 1
695 2250 1
695 2293 16
695 2304 4
695 2398 2
695 2410 4
695 2455 1
695 2462 1
696 11 1
696 13 2
696 14 2
696 18 1
696 21 1
696 23 1
696 30 1
696 55 1
696 78 1
696 83 1
696 103 1
696 112 1
696 116 1
696 119 1
696 132 1
696 146 1
696 156 1
696 172 1
696 186 1
696 224 1
696 243 1
696 245 1
696 311 1
696 316 1
696 390 1
696 405 1
696 502 1
696 505 1
696 861 1
696 950 1
696 991 2
696 1056 1
696 1219 2
696 1266 2
696 1269 1
696 1359 1
696 1722 1
696 2128 1
696 2242 1
697 3 1
697 7 3
697 11 1
697 15 2
697 18 7
697 21 10
697 24 1
697 25 2
697 26 1
697 28 2
697 30 1
697 34 2
697 36 1
697 37 1
697 38 2
697 39 1
697 40 1
697 46 1
697 48 1
697 54 6
697 56 1
697 57 1
697 59 1
697 62 2
697 63 1
697 67 1
697 68 1
697 71 5
697 74 2
697 78 2
697 81 1
697 82 1
697 85 1
697 95 2
697 100 4
697 103 1
697 105 4
697 106 2
697 118 1
697 126 2
697 132 3
697 138 1
697 143 1
697 144 1
697 145 2
697 152 1
697 158 1
697 165 1
697 166 1
697 169 1
697 171 1
697 173 1
697 178 1
697 179 3
697 184 1
697 186 1
697 189 3
697 190 3
697 192 2
697 200 1
697 204 1
697 209 1
697 212 3
697 219 8
697 225 1
697 234 2
697 240 1
697 244 2
697 245 5
697 257 1
697 267 1
697 283 2
697 296 1
697 298 1
697 307 1
697 311 1
697 316 1
697 331 1
697 349 1
697 350 1
697 359 4
697 360 2
697 372 1
697 379 1
697 385 1
697 390 3
697 392 1
697 396 5
697 403 2
697 419 1
697 429 1
697 439 2
697 457 2
697 459 1
697 467 8
697 502 1
697 514 1
697 529 1
697 540 1
697 557 3
697 579 2
697 590 1
697 606 3
697 621 1
697 623 2
697 640 1
697 655 2
697 656 3
697 658 1
697 666 1
697 668 2
697 669 3
697 670 1
697 695 1
697 699 1
697 720 1
697 735 1
697 736 1
697 744 3
697 761 1
697 766 3
697 794 1
697 799 1
697 860 3
697 891 1
697 912 4
697 946 1
697 956 1
697 960 1
697 966 1
697 974 2
697 1022 2
697 1024 1
697 1055 1
697 1058 1
697 1061 1
697 1089 3
697 1117 1
697 1127 2
697 1157 1
697 1180 1
697 1207 1
697 1209 1
697 1236 1
697 1259 3
697 1264 2
697 1300 1
697 1307 1
697 1358 1
697 1369 1
697 1470 1
697 1508 1
697 1536 1
697 1586 1
697 1598 1
697 1615 1
697 1626 1
697 1630 1
697 1714 3
697 1718 1
697 1731 2
697 1741 3
697 1745 2
697 1777 3
697 1897 1
697 1905 1
697 1911 1
697 1928 1
697 1929 2
697 1952 3
697 2023 1
697 2060 2
697 2234 1
697 2325 2
697 2403 1
697 2453 1
698 1 1
698 7 1
698 12 1
698 13 1
698 16 1
698 17 1
698 21 1
698 24 1
698 25 1
698 30 1
698 33 6
698 39 7
698 40 2
698 48 3
698 50 1
698 62 1
698 65 1
698 84 1
698 89 2
698 92 1
698 111 1
698 119 2
698 121 1
698 122 1
698 132 2
698 146 1
698 155 1
698 163 1
698 165 1
698 166 3
698 168 1
698 175 5
698 183 1
698 184 1
698 209 1
698 277 1
698 279 1
698 365 1
698 435 1
698 446 2
698 578 1
698 585 1
698 675 1
698 708 1
698 832 1
698 861 1
698 997 1
698 1143 1
698 1162 1
698 1215 2
698 1466 1
698 1526 1
698 1538 1
698 1570 1
698 1870 2
698 1910 1
699 1 1
699 7 1
699 12 1
699 13 1
699 16 1
699 17 1
699 21 1
699 24 1
699 25 1
699 30 1
699 33 6
699 39 7
699 40 2
699 48 3
699 50 1
699 62 1
699 65 1
699 84 1
699 89 2
699 92 1
699 111 1
699 119 2
699 121 1
699 122 1
699 132 2
699 146 1
699 155 1
699 163 1
699 165 1
699 166 3
699 168 1
699 175 5
699 183 1
699 184 1
699 209 1
699 277 1
699 279 1
699 365 1
699 435 1
699 446 2
699 578 1
699 585 1
699 675 1
699 708 1
699 832 1
699 861 1
699 997 1
699 1143 1
699 1162 1
699 1215 2
699 1466 1
699 1526 1
699 1538 1
699 1570 1
699 1870 2
699 1910 1
700 1 3
700 2 2
700 3 17
700 6 5
700 7 14
700 10 8
700 11 5
700 12 3
700 14 3
700 15 4
700 16 4
700 17 5
700 18 4
700 19 7
700 20 2
700 21 4
700 24 1
700 25 1
700 26 1
700 28 2
700 30 6
700 31 4
700 32 2
700 33 3
700 34 4
700 35 1
700 36 6
700 37 1
700 38 5
700 39 4
700 40 6
700 41 2
700 44 1
700 48 1
700 52 4
700 53 1
700 54 1
700 57 3
700 58 3
700 59 5
700 60 5
700 63 7
700 65 3
700 67 1
700 68 4
700 69 4
700 70 2
700 73 4
700 79 4
700 80 1
700 81 2
700 83 1
700 90 1
700 91 1
700 93 3
700 94 4
700 95 3
700 96 1
700 101 2
700 102 1
700 103 5
700 104 3
700 105 1
700 106 1
700 109 3
700 110 3
700 115 1
700 116 1
700 118 2
700 119 2
700 121 1
700 122 1
700 124 7
700 125 1
700 129 3
700 130 1
700 132 4
700 133 1
700 134 1
700 137 3
700 138 3
700 139 4
700 140 1
700 141 1
700 142 3
700 149 1
700 150 3
700 152 1
700 153 9
700 156 8
700 158 2
700 165 1
700 167 1
700 168 1
700 169 1
700 171 2
700 173 1
700 176 1
700 179 1
700 181 5
700 186 1
700 187 1
700 188 4
700 189 2
700 191 2
700 192 2
700 193 1
700 197 2
700 198 2
700 200 1
700 202 1
700 203 1
700 206 1
700 209 1
700 212 6
700 215 2
700 216 5
700 218 1
700 220 1
700 222 1
700 224 2
700 225 2
700 226 2
700 228 2
700 229 1
700 231 1
700 234 2
700 235 1
700 237 3
700 238 8
700 240 1
700 244 3
700 249 2
700 250 1
700 251 1
700 252 2
700 253 1
700 257 1
700 258 2
700 259 1
700 262 1
700 266 1
700 269 4
700 270 2
700 271 2
700 273 2
700 275 1
700 277 2
700 282 1
700 284 1
700 287 1
700 288 4
700 290 3
700 296 2
700 297 2
700 300 2
700 301 10
700 304 1
700 306 3
700 309 2
700 312 1
700 316 1
700 318 1
700 320 1
700 326 1
700 332 1
700 334 18
700 336 1
700 343 1
700 352 1
700 355 4
700 363 4
700 369 1
700 370 11
700 371 5
700 376 1
700 377 2
700 378 1
700 379 1
700 385 3
700 387 1
700 394 3
700 396 1
700 399 2
700 414 1
700 417 1
700 422 1
700 423 1
700 424 1
700 429 2
700 434 2
700 447 8
700 451 3
700 456 1
700 460 1
700 462 1
700 469 2
700 486 1
700 496 2
700 505 1
700 507 2
700 509 5
700 516 1
700 521 1
700 522 6
700 527 1
700 528 2
700 530 1
700 535 1
700 541 3
700 542 1
700 544 1
700 545 1
700 549 1
700 557 1
700 560 1
700 563 4
700 572 1
700 574 2
700 594 1
700 597 2
700 614 1
700 622 1
700 623 1
700 625 1
700 626 2
700 631 1
700 638 1
700 647 1
700 651 2
700 652 1
700 656 3
700 658 2
700 668 1
700 670 1
700 678 1
700 682 1
700 696 1
700 697 1
700 701 2
700 715 1
700 717 1
700 722 1
700 735 1
700 739 1
700 743 1
700 745 1
700 752 8
700 753 1
700 757 1
700 770 2
700 776 1
700 784 1
700 791 1
700 795 2
700 804 1
700 806 1
700 810 1
700 828 6
700 843 1
700 845 2
700 852 2
700 853 1
700 860 18
700 862 1
700 865 1
700 871 1
700 889 1
700 890 1
700 892 1
700 894 1
700 903 1
700 907 1
700 909 2
700 910 2
700 911 1
700 915 2
700 927 2
700 936 1
700 939 1
700 943 1
700 946 1
700 981 2
700 985 2
700 989 3
700 996 2
700 1000 1
700 1012 5
700 1018 2
700 1023 1
700 1024 1
700 1031 4
700 1033 3
700 1039 1
700 1041 2
700 1049 3
700 1051 1
700 1059 1
700 1062 1
700 1064 1
700 1075 45
700 1080 1
700 1082 4
700 1084 1
700 1091 1
700 1092 1
700 1121 1
700 1126 1
700 1132 1
700 1143 1
700 1159 2
700 1181 1
700 1197 1
700 1198 2
700 1212 1
700 1220 1
700 1223 1
700 1259 1
700 1269 3
700 1274 2
700 1288 1
700 1296 2
700 1299 1
700 1307 11
700 1310 1
700 1314 10
700 1315 2
700 1336 1
700 1347 1
700 1362 4
700 1368 1
700 1387 1
700 1399 1
700 1410 1
700 1455 1
700 1480 1
700 1484 1
700 1487 3
700 1508 5
700 1511 1
700 1512 2
700 1552 6
700 1554 1
700 1562 1
700 1585 1
700 1606 3
700 1611 1
700 1612 2
700 1616 1
700 1626 2
700 1631 1
700 1636 2
700 1646 1
700 1647 1
700 1649 1
700 1659 18
700 1706 1
700 1709 1
700 1772 1
700 1804 1
700 1823 1
700 1831 1
700 1834 1
700 1838 1
700 1880 2
700 1897 3
700 1898 1
700 1901 1
700 1905 2
700 1907 1
700 1929 2
700 1933 1
700 1936 1
700 1989 2
700 1991 5
700 2005 1
700 2008 1
700 2025 1
700 2036 1
700 2042 1
700 2045 1
700 2049 4
700 2055 4
700 2058 2
700 2072 4
700 2085 2
700 2109 3
700 2127 1
700 2173 1
700 2199 3
700 2227 1
700 2232 1
700 2237 1
700 2245 1
700 2326 1
700 2357 3
700 2378 2
700 2398 4
700 2402 1
700 2419 1
700 2433 1
700 2434 1
700 2472 1
700 2479 2
700 2481 2
700 2500 3