1 19 2
1 45 1
1 50 1
1 75 1
1 85 1
1 139 1
1 200 1
1 351 1
1 352 1
1 513 1
1 564 1
1 743 1
1 777 1
1 1131 1
1 1277 1
1 1639 1
1 1764 1
1 1816 1
1 1868 1
2 35 5
2 97 1
2 103 2
2 159 1
2 294 2
2 727 1
2 977 2
2 1481 1
2 1549 1
2 1795 1
2 2290 3
3 4 1
3 10 2
3 11 1
3 13 1
3 16 1
3 19 2
3 35 15
3 50 1
3 56 1
3 68 1
3 69 1
3 76 2
3 84 1
3 96 1
3 97 1
3 118 1
3 126 2
3 127 6
3 178 1
3 206 1
3 226 1
3 242 1
3 265 1
3 268 1
3 270 2
3 274 1
3 276 1
3 293 1
3 294 4
3 297 1
3 303 1
3 366 1
3 390 1
3 393 1
3 404 3
3 438 1
3 452 3
3 496 2
3 516 3
3 559 1
3 564 2
3 565 1
3 574 3
3 602 1
3 647 1
3 671 1
3 679 1
3 682 1
3 794 1
3 797 1
3 799 1
3 816 1
3 863 1
3 889 2
3 938 1
3 977 2
3 1081 1
3 1118 1
3 1138 1
3 1155 2
3 1187 1
3 1282 1
3 1323 1
3 1348 1
3 1374 1
3 1442 1
3 1458 1
3 1468 2
3 1469 1
3 1484 1
3 1530 1
3 1531 1
3 1533 1
3 1544 1
3 1549 4
3 1643 1
3 1778 1
3 1783 2
3 1888 1
3 2004 2
3 2007 4
3 2130 1
3 2232 1
3 2290 2
3 2437 1
4 12 1
4 31 1
4 35 6
4 54 4
4 69 4
4 70 1
4 118 1
4 147 2
4 153 1
4 160 1
4 218 1
4 228 2
4 241 1
4 347 1
4 360 3
4 392 1
4 410 1
4 422 1
4 458 1
4 461 1
4 487 4
4 490 2
4 524 1
4 636 1
4 641 1
4 644 2
4 721 1
4 816 1
4 823 1
4 833 1
4 1124 1
4 1241 1
4 1465 1
4 1818 1
4 1958 2
4 2030 1
4 2204 1
4 2443 3
5 8 1
5 10 1
5 48 1
5 103 1
5 131 3
5 153 1
5 193 1
5 277 2
5 278 1
5 301 1
5 342 1
5 562 1
5 581 1
5 610 2
5 649 3
5 810 1
5 924 1
5 952 1
5 1009 1
5 1056 1
5 1119 1
5 1193 1
5 1285 1
5 1344 1
5 1815 1
5 1862 1
5 1925 1
5 2424 1
5 2429 1
5 2460 1
6 4 1
6 16 1
6 81 1
6 174 1
6 314 1
6 345 1
6 663 1
6 895 1
6 1340 1
7 11 2
7 27 1
7 32 2
7 38 1
7 52 4
7 81 2
7 101 1
7 106 1
7 109 1
7 121 3
7 128 1
7 133 1
7 147 1
7 169 1
7 171 1
7 174 2
7 201 1
7 231 1
7 240 2
7 284 2
7 296 2
7 310 1
7 329 2
7 333 1
7 341 1
7 367 1
7 371 3
7 372 1
7 379 1
7 388 2
7 455 6
7 481 3
7 492 2
7 494 5
7 513 1
7 538 1
7 558 3
7 570 1
7 594 1
7 609 1
7 652 1
7 657 1
7 659 3
7 684 1
7 725 1
7 733 1
7 749 1
7 770 2
7 785 1
7 801 1
7 806 1
7 835 1
7 908 1
7 963 2
7 980 1
7 1026 1
7 1035 1
7 1110 1
7 1141 1
7 1148 1
7 1190 1
7 1342 1
7 1419 1
7 1464 1
7 1485 1
7 1513 1
7 1752 1
7 1851 1
7 1901 1
7 1983 1
7 2059 2
7 2098 1
7 2143 2
7 2416 1
7 2453 3
8 4 1
8 8 1
8 11 1
8 12 1
8 22 1
8 31 1
8 45 1
8 47 2
8 66 1
8 88 1
8 100 1
8 109 1
8 118 1
8 123 1
8 127 1
8 135 1
8 149 2
8 164 1
8 169 1
8 174 1
8 178 1
8 203 1
8 221 1
8 222 1
8 223 1
8 230 1
8 241 1
8 247 1
8 254 1
8 291 1
8 324 3
8 326 1
8 347 1
8 381 1
8 384 1
8 393 3
8 397 2
8 432 1
8 464 1
8 505 1
8 519 1
8 568 1
8 653 1
8 698 2
8 710 1
8 723 1
8 743 1
8 782 1
8 793 4
8 826 1
8 830 1
8 917 1
8 918 1
8 972 1
8 1078 1
8 1213 1
8 1272 1
8 1346 1
8 1453 1
8 1457 1
8 1479 1
8 1488 1
8 1515 1
8 1555 8
8 1593 1
8 1669 1
8 1673 1
8 1865 1
8 1949 1
8 2061 1
8 2149 1
8 2248 1
8 2258 1
9 7 1
9 11 2
9 19 1
9 23 1
9 25 1
9 29 1
9 32 1
9 40 2
9 44 1
9 74 1
9 79 1
9 83 1
9 90 1
9 103 2
9 124 1
9 128 1
9 131 1
9 142 1
9 194 1
9 202 1
9 250 1
9 288 1
9 295 1
9 304 1
9 312 1
9 338 1
9 347 1
9 371 1
9 418 1
9 466 1
9 469 1
9 541 1
9 603 1
9 620 1
9 749 1
9 854 1
9 864 2
9 915 1
9 971 1
9 1035 1
9 1058 1
9 1060 4
9 1077 1
9 1159 1
9 1182 1
9 1190 1
9 1300 1
9 1303 1
9 1320 1
9 1325 1
9 1332 1
9 1346 1
9 1787 1
9 1874 1
9 2199 1
9 2214 5
10 2 1
10 4 9
10 46 2
10 56 1
10 60 1
10 66 1
10 72 1
10 103 2
10 106 1
10 122 1
10 127 1
10 131 1
10 135 2
10 147 3
10 159 1
10 174 1
10 182 1
10 190 1
10 192 1
10 203 1
10 204 1
10 210 1
10 222 1
10 224 1
10 233 4
10 236 3
10 266 2
10 275 1
10 288 2
10 303 1
10 341 3
10 347 4
10 386 1
10 407 1
10 429 1
10 486 1
10 548 2
10 590 1
10 601 1
10 617 1
10 619 4
10 679 3
10 694 1
10 832 2
10 895 1
10 929 1
10 952 1
10 1077 1
10 1174 1
10 1224 1
10 1266 1
10 1677 1
10 1874 1
10 1891 1
11 15 1
11 18 1
11 21 1
11 33 1
11 34 1
11 49 2
11 299 2
11 755 1
11 1418 1
11 2391 1
12 1 3
12 2 2
12 3 1
12 9 1
12 14 1
12 16 1
12 17 1
12 19 5
12 20 2
12 24 2
12 37 1
12 49 1
12 72 1
12 120 1
12 147 2
12 150 1
12 157 1
12 162 1
12 176 1
12 184 1
12 192 1
12 198 4
12 234 4
12 244 1
12 245 1
12 252 1
12 260 1
12 300 1
12 311 1
12 323 1
12 326 1
12 351 1
12 400 1
12 435 1
12 451 1
12 494 1
12 495 1
12 567 1
12 583 1
12 611 1
12 626 1
12 671 1
12 717 1
12 730 1
12 874 1
12 885 1
12 1015 1
12 1121 1
12 1172 2
12 1174 1
12 1273 1
12 1275 3
12 1325 1
12 1344 1
12 1440 2
12 1751 1
12 2006 1
12 2021 1
12 2040 3
12 2161 1
12 2220 1
12 2394 1
13 11 1
13 13 2
13 14 2
13 18 1
13 23 1
13 30 1
13 55 1
13 78 1
13 83 1
13 100 1
13 103 1
13 116 1
13 119 1
13 132 1
13 156 1
13 186 1
13 224 1
13 243 1
13 245 1
13 311 1
13 316 1
13 390 1
13 405 1
13 493 1
13 502 1
13 505 1
13 695 1
13 861 1
13 950 1
13 991 2
13 1056 1
13 1219 2
13 1266 2
13 1269 1
13 1359 1
13 1722 1
13 2128 1
13 2242 1
14 1 10
14 2 3
14 6 1
14 7 12
14 9 3
14 10 1
14 11 2
14 12 3
14 13 2
14 14 1
14 15 7
14 16 2
14 17 4
14 18 1
14 20 1
14 21 17
14 22 1
14 23 1
14 28 4
14 30 2
14 33 17
14 34 14
14 36 1
14 37 1
14 39 15
14 41 5
14 43 1
14 50 4
14 51 1
14 54 1
14 55 5
14 57 4
14 60 1
14 61 4
14 62 1
14 64 6
14 67 1
14 71 3
14 72 2
14 76 1
14 77 3
14 80 1
14 82 2
14 85 5
14 90 2
14 91 4
14 92 11
14 102 2
14 104 2
14 106 1
14 108 1
14 109 1
14 112 1
14 113 1
14 118 1
14 119 1
14 128 6
14 130 4
14 133 1
14 136 4
14 140 1
14 156 1
14 158 3
14 159 1
14 161 6
14 165 1
14 166 2
14 168 1
14 171 1
14 179 1
14 180 1
14 181 1
14 184 3
14 190 1
14 192 1
14 199 1
14 204 5
14 207 1
14 225 1
14 234 1
14 235 2
14 237 1
14 239 1
14 243 5
14 245 3
14 247 2
14 254 1
14 257 16
14 261 1
14 263 4
14 273 1
14 275 1
14 279 1
14 302 2
14 310 2
14 317 3
14 337 2
14 349 3
14 383 1
14 391 1
14 394 1
14 396 4
14 397 1
14 402 1
14 403 2
14 416 1
14 424 1
14 427 1
14 435 1
14 446 2
14 448 1
14 454 1
14 456 1
14 461 1
14 462 1
14 463 1
14 469 2
14 470 1
14 475 1
14 480 1
14 481 1
14 484 1
14 495 1
14 497 1
14 535 1
14 552 3
14 553 2
14 556 3
14 578 1
14 582 1
14 590 1
14 591 1
14 592 2
14 603 1
14 668 2
14 688 1
14 689 1
14 691 3
14 705 2
14 722 1
14 724 5
14 725 1
14 743 3
14 765 1
14 771 1
14 773 1
14 792 6
14 806 1
14 855 1
14 864 1
14 873 1
14 877 1
14 909 1
14 918 1
14 931 2
14 932 3
14 936 1
14 941 2
14 954 1
14 957 1
14 960 3
14 968 1
14 974 1
14 998 7
14 1007 1
14 1012 1
14 1015 1
14 1036 2
14 1037 1
14 1042 2
14 1049 1
14 1087 1
14 1123 4
14 1157 1
14 1158 1
14 1182 1
14 1183 2
14 1208 1
14 1227 1
14 1242 3
14 1282 1
14 1294 1
14 1357 3
14 1374 2
14 1377 1
14 1389 2
14 1401 1
14 1420 1
14 1429 1
14 1500 1
14 1530 1
14 1533 1
14 1566 4
14 1587 1
14 1596 1
14 1598 2
14 1599 1
14 1614 1
14 1640 1
14 1661 1
14 1680 1
14 1731 1
14 1741 2
14 1750 1
14 1769 2
14 1817 2
14 1941 1
14 1982 3
14 2016 1
14 2035 1
14 2058 1
14 2062 1
14 2070 1
14 2108 1
14 2111 1
14 2132 1
14 2164 1
14 2195 3
14 2199 2
14 2269 1
14 2370 1
14 2387 1
14 2420 1
14 2458 5
14 2470 1
15 1 3
15 2 4
15 7 2
15 11 1
15 12 4
15 15 2
15 16 3
15 17 1
15 18 1
15 19 1
15 21 2
15 22 1
15 24 2
15 25 1
15 26 2
15 31 2
15 33 1
15 34 2
15 39 1
15 43 2
15 50 4
15 55 4
15 57 3
15 59 2
15 60 2
15 73 1
15 89 1
15 93 1
15 96 1
15 97 1
15 99 1
15 113 1
15 114 1
15 115 1
15 116 2
15 128 2
15 132 4
15 138 1
15 152 1
15 153 1
15 159 1
15 163 1
15 167 3
15 168 1
15 184 1
15 201 1
15 221 1
15 234 3
15 243 2
15 247 1
15 261 1
15 269 1
15 275 1
15 279 1
15 280 1
15 281 1
15 288 1
15 303 7
15 305 1
15 319 1
15 320 1
15 361 6
15 372 1
15 388 4
15 390 1
15 391 1
15 406 1
15 422 1
15 426 3
15 428 15
15 433 1
15 465 1
15 466 1
15 470 1
15 471 1
15 479 1
15 486 2
15 503 1
15 530 1
15 556 1
15 564 5
15 576 3
15 581 1
15 601 1
15 606 3
15 614 1
15 626 1
15 659 1
15 668 2
15 684 1
15 727 1
15 730 5
15 737 1
15 750 5
15 752 1
15 756 1
15 767 1
15 774 1
15 805 1
15 838 1
15 877 2
15 878 1
15 909 1
15 945 1
15 951 1
15 983 1
15 1007 3
15 1020 3
15 1045 1
15 1064 1
15 1099 3
15 1148 2
15 1167 2
15 1185 1
15 1273 1
15 1276 1
15 1277 1
15 1284 1
15 1305 1
15 1354 1
15 1358 1
15 1372 1
15 1433 1
15 1475 1
15 1502 1
15 1526 1
15 1655 2
15 1715 1
15 1743 2
15 1744 13
15 1834 2
15 1864 1
15 2033 1
15 2037 1
15 2043 1
15 2074 1
15 2158 1
15 2161 1
15 2230 1
15 2250 1
15 2293 16
15 2304 4
15 2398 2
15 2410 4
15 2455 1
15 2462 1
16 11 1
16 13 2
16 14 2
16 18 1
16 21 1
16 23 1
16 30 1
16 55 1
16 78 1
16 83 1
16 103 1
16 112 1
16 116 1
16 119 1
16 132 1
16 146 1
16 156 1
16 172 1
16 186 1
16 224 1
16 243 1
16 245 1
16 311 1
16 316 1
16 390 1
16 405 1
16 502 1
16 505 1
16 861 1
16 950 1
16 991 2
16 1056 1
16 1219 2
16 1266 2
16 1269 1
16 1359 1
16 1722 1
16 2128 1
16 2242 1
17 3 1
17 7 3
17 11 1
17 15 2
17 18 7
17 21 10
17 24 1
17 25 2
17 26 1
17 28 2
17 30 1
17 34 2
17 36 1
17 37 1
17 38 2
17 39 1
17 40 1
17 46 1
17 48 1
17 54 6
17 56 1
17 57 1
17 59 1
17 62 2
17 63 1
17 67 1
17 68 1
17 71 5
17 74 2
17 78 2
17 81 1
17 82 1
17 85 1
17 95 2
17 100 4
17 103 1
17 105 4
17 106 2
17 118 1
17 126 2
17 132 3
17 138 1
17 143 1
17 144 1
17 145 2
17 152 1
17 158 1
17 165 1
17 166 1
17 169 1
17 171 1
17 173 1
17 178 1
17 179 3
17 184 1
17 186 1
17 189 3
17 190 3
17 192 2
17 200 1
17 204 1
17 209 1
17 212 3
17 219 8
17 225 1
17 234 2
17 240 1
17 244 2
17 245 5
17 257 1
17 267 1
17 283 2
17 296 1
17 298 1
17 307 1
17 311 1
17 316 1
17 331 1
17 349 1
17 350 1
17 359 4
17 360 2
17 372 1
17 379 1
17 385 1
17 390 3
17 392 1
17 396 5
17 403 2
17 419 1
17 429 1
17 439 2
17 457 2
17 459 1
17 467 8
17 502 1
17 514 1
17 529 1
17 540 1
17 557 3
17 579 2
17 590 1
17 606 3
17 621 1
17 623 2
17 640 1
17 655 2
17 656 3
17 658 1
17 666 1
17 668 2
17 669 3
17 670 1
17 695 1
17 699 1
17 720 1
17 735 1
17 736 1
17 744 3
17 761 1
17 766 3
17 794 1
17 799 1
17 860 3
17 891 1
17 912 4
17 946 1
17 956 1
17 960 1
17 966 1
17 974 2
17 1022 2
17 1024 1
17 1055 1
17 1058 1
17 1061 1
17 1089 3
17 1117 1
17 1127 2
17 1157 1
17 1180 1
17 1207 1
17 1209 1
17 1236 1
17 1259 3
17 1264 2
17 1300 1
17 1307 1
17 1358 1
17 1369 1
17 1470 1
17 1508 1
17 1536 1
17 1586 1
17 1598 1
17 1615 1
17 1626 1
17 1630 1
17 1714 3
17 1718 1
17 1731 2
17 1741 3
17 1745 2
17 1777 3
17 1897 1
17 1905 1
17 1911 1
17 1928 1
17 1929 2
17 1952 3
17 2023 1
17 2060 2
17 2234 1
17 2325 2
17 2403 1
17 2453 1
18 1 1
18 7 1
18 12 1
18 13 1
18 16 1
18 17 1
18 21 1
18 24 1
18 25 1
18 30 1
18 33 6
18 39 7
18 40 2
18 48 3
18 50 1
18 62 1
18 65 1
18 84 1
18 89 2
18 92 1
18 111 1
18 119 2
18 121 1
18 122 1
18 132 2
18 146 1
18 155 1
18 163 1
18 165 1
18 166 3
18 168 1
18 175 5
18 183 1
18 184 1
18 209 1
18 277 1
18 279 1
18 365 1
18 435 1
18 446 2
18 578 1
18 585 1
18 675 1
18 708 1
18 832 1
18 861 1
18 997 1
18 1143 1
18 1162 1
18 1215 2
18 1466 1
18 1526 1
18 1538 1
18 1570 1
18 1870 2
18 1910 1
19 1 1
19 7 1
19 12 1
19 13 1
19 16 1
19 17 1
19 21 1
19 24 1
19 25 1
19 30 1
19 33 6
19 39 7
19 40 2
19 48 3
19 50 1
19 62 1
19 65 1
19 84 1
19 89 2
19 92 1
19 111 1
19 119 2
19 121 1
19 122 1
19 132 2
19 146 1
19 155 1
19 163 1
19 165 1
19 166 3
19 168 1
19 175 5
19 183 1
19 184 1
19 209 1
19 277 1
19 279 1
19 365 1
19 435 1
19 446 2
19 578 1
19 585 1
19 675 1
19 708 1
19 832 1
19 861 1
19 997 1
19 1143 1
19 1162 1
19 1215 2
19 1466 1
19 1526 1
19 1538 1
19 1570 1
19 1870 2
19 1910 1
20 1 3
20 2 2
20 3 17
20 6 5
20 7 14
20 10 8
20 11 5
20 12 3
20 14 3
20 15 4
20 16 4
20 17 5
20 18 4
20 19 7
20 20 2
20 21 4
20 24 1
20 25 1
20 26 1
20 28 2
20 30 6
20 31 4
20 32 2
20 33 3
20 34 4
20 35 1
20 36 6
20 37 1
20 38 5
20 39 4
20 40 6
20 41 2
20 44 1
20 48 1
20 52 4
20 53 1
20 54 1
20 57 3
20 58 3
20 59 5
20 60 5
20 63 7
20 65 3
20 67 1
20 68 4
20 69 4
20 70 2
20 73 4
20 79 4
20 80 1
20 81 2
20 83 1
20 90 1
20 91 1
20 93 3
20 94 4
20 95 3
20 96 1
20 101 2
20 102 1
20 103 5
20 104 3
20 105 1
20 106 1
20 109 3
20 110 3
20 115 1
20 116 1
20 118 2
20 119 2
20 121 1
20 122 1
20 124 7
20 125 1
20 129 3
20 130 1
20 132 4
20 133 1
20 134 1
20 137 3
20 138 3
20 139 4
20 140 1
20 141 1
20 142 3
20 149 1
20 150 3
20 152 1
20 153 9
20 156 8
20 158 2
20 165 1
20 167 1
20 168 1
20 169 1
20 171 2
20 173 1
20 176 1
20 179 1
20 181 5
20 186 1
20 187 1
20 188 4
20 189 2
20 191 2
20 192 2
20 193 1
20 197 2
20 198 2
20 200 1
20 202 1
20 203 1
20 206 1
20 209 1
20 212 6
20 215 2
20 216 5
20 218 1
20 220 1
20 222 1
20 224 2
20 225 2
20 226 2
20 228 2
20 229 1
20 231 1
20 234 2
20 235 1
20 237 3
20 238 8
20 240 1
20 244 3
20 249 2
20 250 1
20 251 1
20 252 2
20 253 1
20 257 1
20 258 2
20 259 1
20 262 1
20 266 1
20 269 4
20 270 2
20 271 2
20 273 2
20 275 1
20 277 2
20 282 1
20 284 1
20 287 1
20 288 4
20 290 3
20 296 2
20 297 2
20 300 2
20 301 10
20 304 1
20 306 3
20 309 2
20 312 1
20 316 1
20 318 1
20 320 1
20 326 1
20 332 1
20 334 18
20 336 1
20 343 1
20 352 1
20 355 4
20 363 4
20 369 1
20 370 11
20 371 5
20 376 1
20 377 2
20 378 1
20 379 1
20 385 3
20 387 1
20 394 3
20 396 1
20 399 2
20 414 1
20 417 1
20 422 1
20 423 1
20 424 1
20 429 2
20 434 2
20 447 8
20 451 3
20 456 1
20 460 1
20 462 1
20 469 2
20 486 1
20 496 2
20 505 1
20 507 2
20 509 5
20 516 1
20 521 1
20 522 6
20 527 1
20 528 2
20 530 1
20 535 1
20 541 3
20 542 1
20 544 1
20 545 1
20 549 1
20 557 1
20 560 1
20 563 4
20 572 1
20 574 2
20 594 1
20 597 2
20 614 1
20 622 1
20 623 1
20 625 1
20 626 2
20 631 1
20 638 1
20 647 1
20 651 2
20 652 1
20 656 3
20 658 2
20 668 1
20 670 1
20 678 1
20 682 1
20 696 1
20 697 1
20 701 2
20 715 1
20 717 1
20 722 1
20 735 1
20 739 1
20 743 1
20 745 1
20 752 8
20 753 1
20 757 1
20 770 2
20 776 1
20 784 1
20 791 1
20 795 2
20 804 1
20 806 1
20 810 1
20 828 6
20 843 1
20 845 2
20 852 2
20 853 1
20 860 18
20 862 1
20 865 1
20 871 1
20 889 1
20 890 1
20 892 1
20 894 1
20 903 1
20 907 1
20 909 2
20 910 2
20 911 1
20 915 2
20 927 2
20 936 1
20 939 1
20 943 1
20 946 1
20 981 2
20 985 2
20 989 3
20 996 2
20 1000 1
20 1012 5
20 1018 2
20 1023 1
20 1024 1
20 1031 4
20 1033 3
20 1039 1
20 1041 2
20 1049 3
20 1051 1
20 1059 1
20 1062 1
20 1064 1
20 1075 45
20 1080 1
20 1082 4
20 1084 1
20 1091 1
20 1092 1
20 1121 1
20 1126 1
20 1132 1
20 1143 1
20 1159 2
20 1181 1
20 1197 1
20 1198 2
20 1212 1
20 1220 1
20 1223 1
20 1259 1
20 1269 3
20 1274 2
20 1288 1
20 1296 2
20 1299 1
20 1307 11
20 1310 1
20 1314 10
20 1315 2
20 1336 1
20 1347 1
20 1362 4
20 1368 1
20 1387 1
20 1399 1
20 1410 1
20 1455 1
20 1480 1
20 1484 1
20 1487 3
20 1508 5
20 1511 1
20 1512 2
20 1552 6
20 1554 1
20 1562 1
20 1585 1
20 1606 3
20 1611 1
20 1612 2
20 1616 1
20 1626 2
20 1631 1
20 1636 2
20 1646 1
20 1647 1
20 1649 1
20 1659 18
20 1706 1
20 1709 1
20 1772 1
20 1804 1
20 1823 1
20 1831 1
20 1834 1
20 1838 1
20 1880 2
20 1897 3
20 1898 1
20 1901 1
20 1905 2
20 1907 1
20 1929 2
20 1933 1
20 1936 1
20 1989 2
20 1991 5
20 2005 1
20 2008 1
20 2025 1
20 2036 1
20 2042 1
20 2045 1
20 2049 4
20 2055 4
20 2058 2
20 2072 4
20 2085 2
20 2109 3
20 2127 1
20 2173 1
20 2199 3
20 2227 1
20 2232 1
20 2237 1
20 2245 1
20 2326 1
20 2357 3
20 2378 2
20 2398 4
20 2402 1
20 2419 1
20 2433 1
20 2434 1
20 2472 1
20 2479 2
20 2481 2
20 2500 3